11
2
1
15
5
10
2.92, 5.2
12, 7, 6, 5, 8, 22, 22, 10, 14, 18, 25
5, 5, 5, 5, 5, 5, 5, 5, 5, 5, 1.25
5, 5, 5, 5, 5, 5, 5, 5, 5, 5, 1.25
5, 5, 5, 5, 5, 5, 5, 5, 5, 5, 1.25
5, 5, 5, 5, 5, 5, 5, 5, 5, 5, 1.25
5, 5, 5, 5, 5, 5, 5, 5, 5, 5, 1.25
5, 5, 5, 5, 5, 5, 5, 5, 5, 5, 1.25
5, 5, 5, 5, 5, 5, 5, 5, 5, 5, 1.25
5, 5, 5, 5, 5, 5, 5, 5, 5, 5, 1.25
5, 5, 5, 5, 5, 5, 5, 5, 5, 5, 1.25
5, 5, 5, 5, 5, 5, 5, 5, 5, 5, 1.25
1.25, 1.25, 1.25, 1.25, 1.25, 1.25, 1.25, 1.25, 1.25, 1.25, 1.25
0, 1, 1, 1, 1, 1, 1, 1, 1, 1, 0.25
1, 0, 1, 1, 1, 1, 1, 1, 1, 1, 0.25
1, 1, 0, 1, 1, 1, 1, 1, 1, 1, 0.25
1, 1, 1, 0, 1, 1, 1, 1, 1, 1, 0.25
1, 1, 1, 1, 0, 1, 1, 1, 1, 1, 0.25
1, 1, 1, 1, 1, 0, 1, 1, 1, 1, 0.25
1, 1, 1, 1, 1, 1, 0, 1, 1, 1, 0.25
1, 1, 1, 1, 1, 1, 1, 0, 1, 1, 0.25
1, 1, 1, 1, 1, 1, 1, 1, 0, 1, 0.25
1, 1, 1, 1, 1, 1, 1, 1, 1, 0, 0.25
0.25, 0.25, 0.25, 0.25, 0.25, 0.25, 0.25, 0.25, 0.25, 0.25, 0
0, 0, 0, 0, 0, 0, 0, 0, 0, 0, 240
240, 0, 0, 0, 0, 0, 0, 0, 0, 0, 0 
0, 0, 0, 1200, 0, 0, 0, 0, 0, 0, 0 
0, 0, 0, 0, 0, 0, 0, 0, 0, 1200, 0
0, 0, 0, 0, 0, 0, 0, 0, 0, 600, 0
0, 0, 0, 0, 0, 0, 0, 480, 0, 0, 0
0, 0, 0, 0, 0, 0, 0, 480, 0, 0, 0
0, 0, 0, 0, 0, 0, 0, 0, 0, 0, 120
0, 0, 0, 0, 0, 0, 0, 0, 0, 600, 0 
0, 0, 0, 0, 0, 0, 0, 0, 0, 0, 0
10, 25, 0, 25, 25, 0, 40, 0, 20, 0, 0
